height	year	sex	native	native2	home	stop	vot
70	2	1	1	NA	WI	p	0.077466667
70	2	1	1	NA	WI	b	-0.061733333
70	2	1	1	NA	WI	t	0.117566667
70	2	1	1	NA	WI	d	0.002966667
70	2	1	1	NA	WI	k	0.067433333
70	2	1	1	NA	WI	g	-0.034633333
68	3	1	1	Spanish	NJ	p	0.087666667
68	3	1	1	Spanish	NJ	b	0.147333333
68	3	1	1	Spanish	NJ	t	0.093666667
68	3	1	1	Spanish	NJ	d	0.025666667
68	3	1	1	Spanish	NJ	k	0.086666667
68	3	1	1	Spanish	NJ	g	0.029333333
72	4	1	1	NA	TX	p	-0.085352333
72	4	1	1	NA	TX	b	-0.023666667
72	4	1	1	NA	TX	t	0.081884
72	4	1	1	NA	TX	d	0.018466667
72	4	1	1	NA	TX	k	0.101341333
72	4	1	1	NA	TX	g	0.041617333
63	4	0	1	NA	TN	p	0.046462667
63	4	0	1	NA	TN	b	0.042413
63	4	0	1	NA	TN	t	0.0214
63	4	0	1	NA	TN	d	0.042556333
63	4	0	1	NA	TN	k	0.036936667
63	4	0	1	NA	TN	g	0.075788667
66	3	1	1	NA	MD	p	0.09
66	3	1	1	NA	MD	b	-0.002333333
66	3	1	1	NA	MD	t	0.099
66	3	1	1	NA	MD	d	0
66	3	1	1	NA	MD	k	0.107
66	3	1	1	NA	MD	g	0
64	2	0	1	Russian	VA	p	0.104
64	2	0	1	Russian	VA	b	0.072
64	2	0	1	Russian	VA	t	0.091
64	2	0	1	Russian	VA	d	0.046
64	2	0	1	Russian	VA	k	0.086333333
64	2	0	1	Russian	VA	g	0.038333333
78	1	1	1	NA	CA	p	0.087111
78	1	1	1	NA	CA	b	0.05651
78	1	1	1	NA	CA	t	0.058719667
78	1	1	1	NA	CA	d	0.088166667
78	1	1	1	NA	CA	k	0.064
78	1	1	1	NA	CA	g	0.091622
59	2	0	1	NA	KY	p	0.019333333
59	2	0	1	NA	KY	b	0.06638
59	2	0	1	NA	KY	t	0.020843667
59	2	0	1	NA	KY	d	0.023296
59	2	0	1	NA	KY	k	0.022
59	2	0	1	NA	KY	g	0.023866667
65	2	0	1	NA	OK	p	0.101333333
65	2	0	1	NA	OK	b	-0.109666667
65	2	0	1	NA	OK	t	0.090666667
65	2	0	1	NA	OK	d	0
65	2	0	1	NA	OK	k	0.083666667
65	2	0	1	NA	OK	g	-0.080333333
68.5	2	0	0	Chinese	China	p	0.094361333
68.5	2	0	0	Chinese	China	b	0.009139
68.5	2	0	0	Chinese	China	t	0.117261667
68.5	2	0	0	Chinese	China	d	0.014254333
68.5	2	0	0	Chinese	China	k	0.098829
68.5	2	0	0	Chinese	China	g	0.032620667
65	3	1	1	NA	MA	p	0.070533333
65	3	1	1	NA	MA	b	0.016233333
65	3	1	1	NA	MA	t	0.101966667
65	3	1	1	NA	MA	d	0.019233333
65	3	1	1	NA	MA	k	0.081333333
65	3	1	1	NA	MA	g	0.0201
78	4	0	1	NA	UK	p	0.1136
78	4	0	1	NA	UK	b	0.082833333
78	4	0	1	NA	UK	t	0.1471
78	4	0	1	NA	UK	d	0.0927
78	4	0	1	NA	UK	k	0.139666667
78	4	0	1	NA	UK	g	0.034733333
70	3	0	1	NA	IL	p	0.081666667
70	3	0	1	NA	IL	b	0.015
70	3	0	1	NA	IL	t	0.094333333
70	3	0	1	NA	IL	d	0.028666667
70	3	0	1	NA	IL	k	0.092
70	3	0	1	NA	IL	g	0.020666667
67	2	0	1	NA	MA	p	0.028
67	2	0	1	NA	MA	b	0.004966667
67	2	0	1	NA	MA	t	0.078
67	2	0	1	NA	MA	d	0.011433333
67	2	0	1	NA	MA	k	0.057733333
67	2	0	1	NA	MA	g	0.014033333
64	2	0	1	Spanish	CA	p	0.034377333
64	2	0	1	Spanish	CA	b	0.002333333
64	2	0	1	Spanish	CA	t	0.062059
64	2	0	1	Spanish	CA	d	0.004666667
64	2	0	1	Spanish	CA	k	0.054723667
64	2	0	1	Spanish	CA	g	0.007333333
68	3	1	1	NA	WA	p	0.011333333
68	3	1	1	NA	WA	b	-0.064666667
68	3	1	1	NA	WA	t	0.030666667
68	3	1	1	NA	WA	d	-0.047
68	3	1	1	NA	WA	k	0.013666667
68	3	1	1	NA	WA	g	-0.060666667
65	3	0	1	NA	MI	p	0.147666667
65	3	0	1	NA	MI	b	0.076666667
65	3	0	1	NA	MI	t	0.125333333
65	3	0	1	NA	MI	d	0.061333333
65	3	0	1	NA	MI	k	0.117333333
65	3	0	1	NA	MI	g	0.216666667
69	3	1	1	NA	CA	p	0.017333333
69	3	1	1	NA	CA	b	0.017
69	3	1	1	NA	CA	t	0.024
69	3	1	1	NA	CA	d	0.010666667
69	3	1	1	NA	CA	k	0.036333333
69	3	1	1	NA	CA	g	0.083333333
68	2	0	1	NA	NY	p	0.079666667
68	2	0	1	NA	NY	b	-0.149666667
68	2	0	1	NA	NY	t	0.088833333
68	2	0	1	NA	NY	d	-0.127333333
68	2	0	1	NA	NY	k	0.086333333
68	2	0	1	NA	NY	g	-0.126
62	3	0	1	NA	CO	p	0.125267
62	3	0	1	NA	CO	b	0.087450667
62	3	0	1	NA	CO	t	0.111612
62	3	0	1	NA	CO	d	0.053388667
62	3	0	1	NA	CO	k	0.121426
62	3	0	1	NA	CO	g	0.052519667
60	2	0	1	Kannada	MN	p	0.128758667
60	2	0	1	Kannada	MN	b	0.102906333
60	2	0	1	Kannada	MN	t	0.083172
60	2	0	1	Kannada	MN	d	0.099872
60	2	0	1	Kannada	MN	k	0.164526333
60	2	0	1	Kannada	MN	g	0.094499667
66	3	0	1	NA	MI	p	0.078933333
66	3	0	1	NA	MI	b	0.052
66	3	0	1	NA	MI	t	0.052
66	3	0	1	NA	MI	d	0.04
66	3	0	1	NA	MI	k	0.062
66	3	0	1	NA	MI	g	0.041
67	4	1	1	NA	TX	p	0.04393
67	4	1	1	NA	TX	b	0
67	4	1	1	NA	TX	t	0.08266
67	4	1	1	NA	TX	d	0.01899
67	4	1	1	NA	TX	k	0.080366667
67	4	1	1	NA	TX	g	0.026593333
62	2	0	1	NA	CA	p	-0.060270333
62	2	0	1	NA	CA	b	-0.014116667
62	2	0	1	NA	CA	t	-0.088940667
62	2	0	1	NA	CA	d	-0.014289333
62	2	0	1	NA	CA	k	-0.092490667
62	2	0	1	NA	CA	g	-0.023475
62	2	0	1	NA	CA	p	-0.074333333
62	2	0	1	NA	CA	b	-0.046666667
62	2	0	1	NA	CA	t	-0.052333333
62	2	0	1	NA	CA	d	0.036666667
62	2	0	1	NA	CA	k	0.077666667
62	2	0	1	NA	CA	g	0.069
66	2	1	1	NA	PA	p	0.037
66	2	1	1	NA	PA	b	0.002666667
66	2	1	1	NA	PA	t	0.064
66	2	1	1	NA	PA	d	0.02
66	2	1	1	NA	PA	k	0.074333333
66	2	1	1	NA	PA	g	-0.006666667
59	2	1	1	NA	IL	p	0.111
59	2	1	1	NA	IL	b	0.092
59	2	1	1	NA	IL	t	0.229666667
59	2	1	1	NA	IL	d	0.014666667
59	2	1	1	NA	IL	k	0.085666667
59	2	1	1	NA	IL	g	0.115
67	2	1	1	NA	NY	p	0.114595333
67	2	1	1	NA	NY	b	0.111248
67	2	1	1	NA	NY	t	0.128003667
67	2	1	1	NA	NY	d	0.084359667
67	2	1	1	NA	NY	k	0.138644333
67	2	1	1	NA	NY	g	0.106113667
70	2	0	1	NA	GA	p	0.10931
70	2	0	1	NA	GA	b	0.053049667
70	2	0	1	NA	GA	t	0.132540333
70	2	0	1	NA	GA	d	0.025013333
70	2	0	1	NA	GA	k	0.113427
70	2	0	1	NA	GA	g	0.019543667
72	2	0	1	NA	CA	p	0.141352667
72	2	0	1	NA	CA	b	0.024996
72	2	0	1	NA	CA	t	0.109888
72	2	0	1	NA	CA	d	0.044236667
72	2	0	1	NA	CA	k	0.111612333
72	2	0	1	NA	CA	g	0.043279667
