height	year	sex	native	native2	home	vowel	F1	F2	F3	F4
70	2	1	1	NA	WI	IY	294.3333333	2289.666667	2914.666667	3437.666667
70	2	1	1	NA	WI	UW	658.3333333	1685	2816	4359.333333
70	2	1	1	NA	WI	IH	533	1869.666667	2718.666667	3621.333333
70	2	1	1	NA	WI	UH	725.3333333	2340.666667	3054.666667	4690.333333
70	2	1	1	NA	WI	EH	668.3333333	1644.666667	2685.666667	3383.666667
70	2	1	1	NA	WI	AH	733.3333333	2710	3129.666667	4567.666667
70	2	1	1	NA	WI	AXR	464.6666667	1550	1750.666667	3820.666667
70	2	1	1	NA	WI	AO	680.3333333	889	2798.333333	3162.333333
70	2	1	1	NA	WI	AA	691.6666667	931	2830	3154.666667
70	2	1	1	NA	WI	AE	773.6666667	1703.333333	2665	3394.666667
70	2	1	1	NA	WI	AW1	0	0	0	0
70	2	1	1	NA	WI	AW2	0	0	0	0
70	2	1	1	NA	WI	AY1	0	0	0	0
70	2	1	1	NA	WI	AY2	0	0	0	0
70	2	1	1	NA	WI	EY1	0	0	0	0
70	2	1	1	NA	WI	EY2	0	0	0	0
70	2	1	1	NA	WI	OW1	0	0	0	0
70	2	1	1	NA	WI	OW2	0	0	0	0
70	2	1	1	NA	WI	OY1	0	0	0	0
70	2	1	1	NA	WI	OY2	0	0	0	0
68	3	1	1	Spanish	NJ	IY	304.4333137	2411.409699	2817.751104	3746.453784
68	3	1	1	Spanish	NJ	UW	335.417257	1590.893928	2477.956346	3615.516178
68	3	1	1	Spanish	NJ	IH	501.5698843	1818.991687	2643.8566	4069.450206
68	3	1	1	Spanish	NJ	UH	550.4473537	1246.887897	2502.081246	3619.006702
68	3	1	1	Spanish	NJ	EH	608.559647	1715.442075	2542.36276	3561.260738
68	3	1	1	Spanish	NJ	AH	616.3882327	1293.384191	2563.813831	3703.546773
68	3	1	1	Spanish	NJ	AXR	556.570956	1527.226461	1865.823151	3409.201601
68	3	1	1	Spanish	NJ	AO	646.399178	1128.834149	2524.686226	3571.671647
68	3	1	1	Spanish	NJ	AA	655.2644503	1151.075268	2556.428398	3613.815336
68	3	1	1	Spanish	NJ	AE	650.277237	1658.900289	2481.629562	3573.098276
68	3	1	1	Spanish	NJ	AW1	755.8853513	1612.759066	2466.255816	3785.033501
68	3	1	1	Spanish	NJ	AW2	757.7931313	1257.26017	2417.858803	3687.049985
68	3	1	1	Spanish	NJ	AY1	737.5248267	1300.038086	2452.01447	3761.719254
68	3	1	1	Spanish	NJ	AY2	638.045346	1695.075275	2454.499477	3538.725975
68	3	1	1	Spanish	NJ	EY1	563.125481	1895.195809	2592.335489	3793.577298
68	3	1	1	Spanish	NJ	EY2	754.1601075	2137.014677	2779.614214	4080.404944
68	3	1	1	Spanish	NJ	OW1	583.223373	1347.830417	2591.31724	3695.721599
68	3	1	1	Spanish	NJ	OW2	598.2792777	1553.936107	2817.178094	3896.966839
68	3	1	1	Spanish	NJ	OY1	498.6567097	861.552088	2710.740268	3763.218757
68	3	1	1	Spanish	NJ	OY2	527.7450453	1565.435866	2415.673311	3746.371457
72	4	1	1	NA	TX	IY	306.2821088	2202.112124	2900.976375	0
72	4	1	1	NA	TX	UW	352.9613183	1816.02938	2704.337695	0
72	4	1	1	NA	TX	IH	691.5496083	1744.929338	2826.868513	0
72	4	1	1	NA	TX	UH	525.8943411	1102.926924	2539.175195	0
72	4	1	1	NA	TX	EH	628.1670989	1693.38603	2538.149135	0
72	4	1	1	NA	TX	AH	581.8204656	1334.894605	2480.316522	0
72	4	1	1	NA	TX	AXR	464.20457	1307.224186	2239.223595	0
72	4	1	1	NA	TX	AO	697.3864209	926.56426	2379.453118	0
72	4	1	1	NA	TX	AA	817.7915217	1210.323375	2619.486582	0
72	4	1	1	NA	TX	AE	744.6636108	1589.640792	2428.430013	0
72	4	1	1	NA	TX	AW1	618.9634827	1345.461307	2729.831729	3242.615442
72	4	1	1	NA	TX	AW2	636.012947	1133.820752	2282.073406	3514.787383
72	4	1	1	NA	TX	AY1	676.2364383	1342.739982	2503.709011	3570.708768
72	4	1	1	NA	TX	AY2	757.8170557	1414.134136	2380.586886	3617.28828
72	4	1	1	NA	TX	EY1	545.802888	2166.257127	2810.830365	3563.457883
72	4	1	1	NA	TX	EY2	575.8732963	2191.256212	2664.555399	3624.84867
72	4	1	1	NA	TX	OW1	484.3577193	1117.495908	2482.981644	3362.558593
72	4	1	1	NA	TX	OW2	410.4713573	1452.090755	2667.362929	3792.235993
72	4	1	1	NA	TX	OY1	464.4578753	763.2703307	2473.009314	3340.97544
72	4	1	1	NA	TX	OY2	545.5643443	1590.84714	2393.381336	3678.888024
63	4	0	1	NA	TN	IY	NA	2430.784	2891.873333	0
63	4	0	1	NA	TN	UW	450.0346667	2116.962667	3204.645667	0
63	4	0	1	NA	TN	IH	497.2683333	1940.415	2670.039	0
63	4	0	1	NA	TN	UH	531.7353333	1459.490667	2878.240667	0
63	4	0	1	NA	TN	EH	667.456	1895.262667	2627.457667	0
63	4	0	1	NA	TN	AH	637.3566667	1051.333667	2673.876667	0
63	4	0	1	NA	TN	AXR	603.1616667	1201.440333	1875.794667	0
63	4	0	1	NA	TN	AO	680.8456667	1206.147333	2668.870667	0
63	4	0	1	NA	TN	AA	658.201	1090.826	2624.658333	0
63	4	0	1	NA	TN	AE	717.155	1840.109333	2653.005667	0
63	4	0	1	NA	TN	AW1	0	0	0	0
63	4	0	1	NA	TN	AW2	0	0	0	0
63	4	0	1	NA	TN	AY1	0	0	0	0
63	4	0	1	NA	TN	AY2	0	0	0	0
63	4	0	1	NA	TN	EY1	0	0	0	0
63	4	0	1	NA	TN	EY2	0	0	0	0
63	4	0	1	NA	TN	OW1	0	0	0	0
63	4	0	1	NA	TN	OW2	0	0	0	0
63	4	0	1	NA	TN	OY1	0	0	0	0
63	4	0	1	NA	TN	OY2	0	0	0	0
66	3	1	1	NA	MD	IY	290.545	2319.299	3285.774	4125.012
66	3	1	1	NA	MD	UW	344.1473333	1372.267667	2584.784	3858.907
66	3	1	1	NA	MD	IH	457.3983333	2164.343667	3004.894333	3238.196
66	3	1	1	NA	MD	UH	552.752	1099.131333	2710.72	3543.824333
66	3	1	1	NA	MD	EH	663.394	1921.307	2828.537	4324.711333
66	3	1	1	NA	MD	AH	678.6686667	1210.772	2688.607333	3502.186
66	3	1	1	NA	MD	AXR	483.3406667	1372.421	1794.616667	3429.088333
66	3	1	1	NA	MD	AO	723.6603333	1067.905667	2486.076	3195.572
66	3	1	1	NA	MD	AA	867.4583333	1313.418667	2706.129667	3447.931
66	3	1	1	NA	MD	AE	915.1543333	1855.006	2501.418333	2986.758
66	3	1	1	NA	MD	AW1	730.7093333	1690.496333	2746.937	3725.990333
66	3	1	1	NA	MD	AW2	617.6366667	1194.603	2709.937667	3679.366333
66	3	1	1	NA	MD	AY1	837.329	1403.044	2682.533667	3519.509333
66	3	1	1	NA	MD	AY2	698.4046667	1947.982333	2867.134667	4022.629
66	3	1	1	NA	MD	EY1	653.459	1968.373333	2984.01	4146.543333
66	3	1	1	NA	MD	EY2	408.1853333	2361.042667	2961.298667	4182.197667
66	3	1	1	NA	MD	OW1	501.0073333	1174.960333	2674.698	3599.326667
66	3	1	1	NA	MD	OW2	367.4883333	982.0976667	2715.571	3988.196333
66	3	1	1	NA	MD	OY1	463.0426667	821.824	2866.493	3759.055667
66	3	1	1	NA	MD	OY2	471.134	1916.276	2746.052	3912.812
64	2	0	1	Russian	VA	IY	329.8433333	2744.527667	3333.257333	3995.346
64	2	0	1	Russian	VA	UW	385.9826667	1390.804333	3050.703	4116.518333
64	2	0	1	Russian	VA	IH	474.771	1930.903333	2402.442333	3267.313667
64	2	0	1	Russian	VA	UH	650.2873333	1253.481	3056.061	3990.717333
64	2	0	1	Russian	VA	EH	662.4606667	1706.740667	2275.753667	3261.069333
64	2	0	1	Russian	VA	AH	775.851	1445.02	2617.912667	3832.613667
64	2	0	1	Russian	VA	AXR	460.0303333	1556.807	1893.032	4076.723667
64	2	0	1	Russian	VA	AO	901.0383333	1326.124	2920.865667	3971.938667
64	2	0	1	Russian	VA	AA	897.4696667	1279.217333	2940.529333	3898.443667
64	2	0	1	Russian	VA	AE	891.7916667	1728.357667	2487.248667	3757.563333
64	2	0	1	Russian	VA	AW1	913.1666667	1598.307667	2411.662333	2848.338333
64	2	0	1	Russian	VA	AW2	669.4426667	1346.969333	2850.824667	4003.171
64	2	0	1	Russian	VA	AY1	885.2066667	1403.4	2332.263333	3490.713667
64	2	0	1	Russian	VA	AY2	659.1726667	1972.405333	2827.676667	4001.240333
64	2	0	1	Russian	VA	EY1	580.575	1952.027667	2579.867667	3370.651333
64	2	0	1	Russian	VA	EY2	421.8463333	2439.115333	2998.7	4161.446333
64	2	0	1	Russian	VA	OW1	654.686	1344.267333	2721.455	3626.954667
64	2	0	1	Russian	VA	OW2	420.026	1259.662333	2980.921	4028.533667
64	2	0	1	Russian	VA	OY1	491.849	945.412	3099.167667	3799.153333
64	2	0	1	Russian	VA	OY2	497.4463333	2160.921333	2843.205667	3948.166667
78	1	1	1	NA	CA	IY	238.0947845	1961.721698	3169.780338	3766.340777
78	1	1	1	NA	CA	UW	370.5069063	1688.35227	2720.963896	3877.85429
78	1	1	1	NA	CA	IH	472.7400567	1628.908859	2498.77407	3824.037326
78	1	1	1	NA	CA	UH	715.8669263	1388.362495	2850.118628	4093.329643
78	1	1	1	NA	CA	EH	636.633256	1511.429331	2481.700172	3879.023246
78	1	1	1	NA	CA	AH	759.331243	1061.89821	2413.603024	3742.04647
78	1	1	1	NA	CA	AXR	747.1218333	1392.778989	2824.104983	4313.035688
78	1	1	1	NA	CA	AO	721.1327493	916.8465943	2494.683944	3785.083744
78	1	1	1	NA	CA	AA	709.2836553	950.7242633	2508.132044	3869.374604
78	1	1	1	NA	CA	AE	805.412567	1454.043943	2500.219164	3759.401426
78	1	1	1	NA	CA	AW1	797.0490187	1430.456059	2525.175516	3748.442905
78	1	1	1	NA	CA	AW2	749.0447567	1197.79388	2492.518796	3734.51868
78	1	1	1	NA	CA	AY1	810.1061093	1138.414649	2606.704028	3874.350032
78	1	1	1	NA	CA	AY2	767.9770883	1338.153084	2604.62447	3829.832702
78	1	1	1	NA	CA	EY1	523.5883037	1752.910257	2501.173207	3738.957733
78	1	1	1	NA	CA	EY2	518.587176	1922.436249	2598.031649	3723.213392
78	1	1	1	NA	CA	OW1	480.4972213	1217.408281	2456.321235	3659.972306
78	1	1	1	NA	CA	OW2	398.971269	1104.380168	2474.427896	3441.325323
78	1	1	1	NA	CA	OY1	551.474158	1415.469897	2583.806714	3593.009059
78	1	1	1	NA	CA	OY2	504.7784517	1622.197953	2322.050257	3693.382712
59	2	0	1	NA	KY	IY	366.4829701	2349.643094	0	0
59	2	0	1	NA	KY	UW	406.8462061	1658.970114	0	0
59	2	0	1	NA	KY	IH	524.6834989	2093.37007	0	0
59	2	0	1	NA	KY	UH	554.253557	1284.881716	0	0
59	2	0	1	NA	KY	EH	715.0525319	1590.721099	0	0
59	2	0	1	NA	KY	AH	700.6086151	1647.795104	0	0
59	2	0	1	NA	KY	AXR	517.8790917	1577.338107	0	0
59	2	0	1	NA	KY	AO	732.6024204	1212.203908	0	0
59	2	0	1	NA	KY	AA	674.4859228	1195.863016	0	0
59	2	0	1	NA	KY	AE	805.0350473	1342.560662	0	0
59	2	0	1	NA	KY	AW1	782.8650435	1641.109024	0	0
59	2	0	1	NA	KY	AW2	593.2187097	1275.965666	0	0
59	2	0	1	NA	KY	AY1	779.3983128	1455.994706	0	0
59	2	0	1	NA	KY	AY2	651.1497194	2048.6671	0	0
59	2	0	1	NA	KY	EY1	591.3933185	2124.569992	0	0
59	2	0	1	NA	KY	EY2	518.0776083	2411.687417	0	0
59	2	0	1	NA	KY	OW1	530.1070302	1354.237605	0	0
59	2	0	1	NA	KY	OW2	472.3411853	1188.273942	0	0
59	2	0	1	NA	KY	OY1	473.4518413	982.5970547	0	0
59	2	0	1	NA	KY	OY2	503.2579811	2015.256754	0	0
65	2	0	1	NA	OK	IY	367.9666667	2810.7	3318.8	4451.166667
65	2	0	1	NA	OK	UW	407.1	1828.6	2768.466667	3805.666667
65	2	0	1	NA	OK	IH	583.8	2128.633333	3319.133333	3917.266667
65	2	0	1	NA	OK	UH	589.6333333	1209.366667	2827.2	3735
65	2	0	1	NA	OK	EH	796.3333333	1894.766667	2752.8	3658.366667
65	2	0	1	NA	OK	AH	789.3333333	1420.866667	3078.633333	3594.533333
65	2	0	1	NA	OK	AXR	484.9333333	1736.566667	2041.2	3844.566667
65	2	0	1	NA	OK	AO	836.5666667	1281.066667	2620.4	3353.533333
65	2	0	1	NA	OK	AA	895.2	1292	2462.333333	3168.8
65	2	0	1	NA	OK	AE	964.1333333	1789.6	2687.2	3177.233333
65	2	0	1	NA	OK	AW1	830	1713.7	2586.666667	3287.766667
65	2	0	1	NA	OK	AW2	718.6	1276.433333	2678.133333	3132.366667
65	2	0	1	NA	OK	AY1	919.7666667	1428	2712.533333	3316.633333
65	2	0	1	NA	OK	AY2	783.3	1936.7	2619.566667	3332.066667
65	2	0	1	NA	OK	EY1	794.6666667	2082.733333	2984	3743.666667
65	2	0	1	NA	OK	EY2	517.5666667	2301.1	2880.866667	3558.366667
65	2	0	1	NA	OK	OW1	580.6666667	1442.566667	2807.6	3636.033333
65	2	0	1	NA	OK	OW2	447	1196.2	2845.966667	3693.966667
65	2	0	1	NA	OK	OY1	451.2	784.7	3280.4	3737.4
65	2	0	1	NA	OK	OY2	649.8666667	1853.833333	2707.333333	3632.266667
68.5	2	0	0	Chinese	China	IY	280.644252	2565.385796	2949.209469	0
68.5	2	0	0	Chinese	China	UW	344.1497147	1298.305349	2652.049766	0
68.5	2	0	0	Chinese	China	IH	564.3716991	1836.555267	2675.396764	0
68.5	2	0	0	Chinese	China	UH	589.6316995	1146.38585	2415.179609	0
68.5	2	0	0	Chinese	China	EH	694.0323473	1669.445952	2528.01901	0
68.5	2	0	0	Chinese	China	AH	682.7217414	1204.964232	2541.618867	0
68.5	2	0	0	Chinese	China	AXR	527.681549	1434.962397	1716.247475	0
68.5	2	0	0	Chinese	China	AO	672.2483592	1017.503763	2728.0807	0
68.5	2	0	0	Chinese	China	AA	744.0192861	1121.984875	2433.468948	0
68.5	2	0	0	Chinese	China	AE	842.4763781	1513.662228	2410.553263	0
68.5	2	0	0	Chinese	China	AW1	841.2666667	1488.333333	2414	0
68.5	2	0	0	Chinese	China	AW2	639	1281.333333	2389	0
68.5	2	0	0	Chinese	China	AY1	851.3333333	1296.333333	2474.666667	0
68.5	2	0	0	Chinese	China	AY2	765.4	1979.333333	2657	0
68.5	2	0	0	Chinese	China	EY1	603.5666667	2095.666667	2677	0
68.5	2	0	0	Chinese	China	EY2	512.5333333	2196.333333	2667	0
68.5	2	0	0	Chinese	China	OW1	583.3666667	1200.333333	2454.666667	0
68.5	2	0	0	Chinese	China	OW2	502.4	1114	2505.333333	0
68.5	2	0	0	Chinese	China	OY1	482.1666667	967.5333333	2586	0
68.5	2	0	0	Chinese	China	OY2	461.9666667	1893.333333	2520	0
65	3	1	1	NA	MA	IY	298.1973342	2545.268493	3309.622057	0
65	3	1	1	NA	MA	UW	315.5618691	1369.965566	2546.950882	0
65	3	1	1	NA	MA	IH	513.6460603	2008.535202	2757.219416	0
65	3	1	1	NA	MA	UH	486.2972577	1112.632384	2667.583447	0
65	3	1	1	NA	MA	EH	696.752624	1787.634754	2718.894625	0
65	3	1	1	NA	MA	AH	715.764047	1351.811316	2843.471588	0
65	3	1	1	NA	MA	AXR	471.2695077	1392.288314	1940.616217	0
65	3	1	1	NA	MA	AO	809.9464114	1108.256407	2836.52064	0
65	3	1	1	NA	MA	AA	778.0364425	1089.840564	2849.883125	0
65	3	1	1	NA	MA	AE	806.081411	1601.808162	2768.674877	0
65	3	1	1	NA	MA	AW1	758	1626.666667	2693.333333	0
65	3	1	1	NA	MA	AW2	419.6666667	1150	2676.666667	0
65	3	1	1	NA	MA	AY1	834	1320.333333	2815	0
65	3	1	1	NA	MA	AY2	596	1715	2661.333333	0
65	3	1	1	NA	MA	EY1	613.6666667	1925	2718.333333	0
65	3	1	1	NA	MA	EY2	441.3333333	1978	2690.333333	0
65	3	1	1	NA	MA	OW1	453.3333333	1223.333333	2569.333333	0
65	3	1	1	NA	MA	OW2	490.3333333	1280.666667	2669.666667	0
65	3	1	1	NA	MA	OY1	449.3333333	904.3333333	2935	0
65	3	1	1	NA	MA	OY2	427.6666667	2004.666667	2547	0
78	4	0	1	NA	UK	IY	339.7682345	2507.33504	3201.159943	0
78	4	0	1	NA	UK	UW	389.0168392	1592.440585	2391.037416	0
78	4	0	1	NA	UK	IH	545.7811536	1931.242896	2859.021537	0
78	4	0	1	NA	UK	UH	578.5578646	1575.767241	2542.683903	0
78	4	0	1	NA	UK	EH	790.6013887	1814.419471	2766.428309	0
78	4	0	1	NA	UK	AH	898.305982	1268.746757	2748.417459	0
78	4	0	1	NA	UK	AXR	739.9814292	1534.475908	2605.776181	0
78	4	0	1	NA	UK	AO	524.7993783	1503.537288	2714.718044	0
78	4	0	1	NA	UK	AA	808.4837744	1790.122239	2449.297822	0
78	4	0	1	NA	UK	AE	936.3782822	1448.945553	2710.896037	0
78	4	0	1	NA	UK	AW1	926.4221431	1431.116881	2659.789452	0
78	4	0	1	NA	UK	AW2	777.2327959	1529.402406	2797.569104	0
78	4	0	1	NA	UK	AY1	971.882294	1333.982332	2819.005408	0
78	4	0	1	NA	UK	AY2	583.9012383	2129.655695	2744.295978	0
78	4	0	1	NA	UK	EY1	649.8448821	2049.390438	2865.19403	0
78	4	0	1	NA	UK	EY2	358.8109671	2190.399629	2743.101235	0
78	4	0	1	NA	UK	OW1	562.5509178	1483.83899	2466.150723	0
78	4	0	1	NA	UK	OW2	412.7304508	1427.55722	2330.814038	0
78	4	0	1	NA	UK	OY1	641.065719	1499.379114	2684.120748	0
78	4	0	1	NA	UK	OY2	413.2108338	2236.0344	2727.015129	0
70	3	0	1	NA	IL	IY	367.0415553	2563.547881	3210.271247	3440.368638
70	3	0	1	NA	IL	UW	380.106489	1656.472693	2585.02886	3657.760523
70	3	0	1	NA	IL	IH	586.3812157	2071.919884	3095.913046	3915.213419
70	3	0	1	NA	IL	UH	562.4384397	1169.480831	2731.72406	3646.107358
70	3	0	1	NA	IL	EH	830.1219277	1805.235294	2925.850045	4067.522651
70	3	0	1	NA	IL	AH	754.5411563	1307.011353	2891.07033	3073.952967
70	3	0	1	NA	IL	AXR	516.688121	1594.422866	1870.251222	3865.779284
70	3	0	1	NA	IL	AO	781.7890163	1076.600637	2938.69671	3688.254725
70	3	0	1	NA	IL	AA	881.5192263	1285.849675	3112.124915	3614.126943
70	3	0	1	NA	IL	AE	887.7690893	1558.06478	2520.634698	3368.342087
70	3	0	1	NA	IL	AW1	797.5514213	1598.70907	2683.458169	3874.392127
70	3	0	1	NA	IL	AW2	729.098069	1284.844144	2712.94086	4019.123828
70	3	0	1	NA	IL	AY1	901.8379977	1365.914454	2991.37433	4153.880102
70	3	0	1	NA	IL	AY2	703.9498407	2109.911102	2861.398218	4201.787206
70	3	0	1	NA	IL	EY1	598.236927	2218.840049	2902.218034	3809.5116
70	3	0	1	NA	IL	EY2	459.3637463	2415.671425	3015.034558	3899.760342
70	3	0	1	NA	IL	OW1	596.7474557	1402.844429	2650.674177	3571.627707
70	3	0	1	NA	IL	OW2	441.8973167	934.5276703	2600.955838	3771.761131
70	3	0	1	NA	IL	OY1	506.413779	838.214727	2814.702927	3517.528024
70	3	0	1	NA	IL	OY2	547.697599	2121.751117	2667.631125	3835.549211
67	2	0	1	NA	MA	IY	295.875091	2707.74	3571.84	4265.28
67	2	0	1	NA	MA	UW	404.2582463	1437.22	2465.55	3890.09
67	2	0	1	NA	MA	IH	553.091989	1953.51	2719.02	4082.68
67	2	0	1	NA	MA	UH	603.745552	1259.05	2601.11	3744.06
67	2	0	1	NA	MA	EH	816.6937773	1673.57	2675.39	4133.3
67	2	0	1	NA	MA	AH	750.432105	1455.79	2536.27	3956.5
67	2	0	1	NA	MA	AXR	448.2817773	1581.34	1853.37	4223.6
67	2	0	1	NA	MA	AO	836.0792027	1205.11	2540.55	4033.71
67	2	0	1	NA	MA	AA	792.9098933	1207.49	2464.62	3785.3
67	2	0	1	NA	MA	AE	919.4880203	1438.41	2337.93	4277.14
67	2	0	1	NA	MA	AW1	851.3280817	1457.99	2457.02	4122.63
67	2	0	1	NA	MA	AW2	544.8582477	1127.05	2303.2	3688.39
67	2	0	1	NA	MA	AY1	845.759752	1389.57	2412.49	4075.42
67	2	0	1	NA	MA	AY2	504.8374703	1970.69	2639.41	4357.24
67	2	0	1	NA	MA	EY1	585.4220113	1984.78	2622.39	3685.93
67	2	0	1	NA	MA	EY2	443.833556	2468.5	2814.65	3999.31
67	2	0	1	NA	MA	OW1	555.679613	1293.17	2163.24	3250.89
67	2	0	1	NA	MA	OW2	497.9050287	1182.54	2251.35	3751.34
67	2	0	1	NA	MA	OY1	677.7712543	958.1188433	2206.86	3344.95
67	2	0	1	NA	MA	OY2	500.1317113	1915.29	2342	3688.56
64	2	0	1	Spanish	CA	IY	359.2314223	2169.536497	2577.121577	3520.506095
64	2	0	1	Spanish	CA	UW	438.509541	1269.626118	2554.472647	3645.944266
64	2	0	1	Spanish	CA	IH	510.5324837	1527.680025	2561.344668	3624.861165
64	2	0	1	Spanish	CA	UH	458.0978877	1196.248044	2560.979598	3604.026984
64	2	0	1	Spanish	CA	EH	604.3064833	1446.125884	2511.527835	3710.307413
64	2	0	1	Spanish	CA	AH	544.7817773	1175.075423	2646.938084	3664.302101
64	2	0	1	Spanish	CA	AXR	526.0226337	1210.203156	1948.751118	3606.210654
64	2	0	1	Spanish	CA	AO	583.4993127	1054.474631	2579.54802	3406.484937
64	2	0	1	Spanish	CA	AA	537.1115367	1169.928361	2560.059988	3671.753716
64	2	0	1	Spanish	CA	AE	675.313484	1432.455925	2466.115739	3679.87054
64	2	0	1	Spanish	CA	AW1	643.9138763	1364.635526	2444.066459	3724.96877
64	2	0	1	Spanish	CA	AW2	653.5720567	1208.720512	2531.331107	3623.355438
64	2	0	1	Spanish	CA	AY1	585.3158307	1237.566205	2573.209528	3452.733266
64	2	0	1	Spanish	CA	AY2	682.6721723	1487.89098	2590.315744	3771.176343
64	2	0	1	Spanish	CA	EY1	556.2323127	1582.571099	2508.489193	3715.444157
64	2	0	1	Spanish	CA	EY2	551.214361	1912.884475	2663.278397	4178.148315
64	2	0	1	Spanish	CA	OW1	530.3479207	1369.822696	2507.58787	3750.290751
64	2	0	1	Spanish	CA	OW2	439.619377	1169.347869	2447.108543	3622.13836
64	2	0	1	Spanish	CA	OY1	483.8937227	889.3661037	2635.620848	3540.569004
64	2	0	1	Spanish	CA	OY2	494.1830057	1364.409594	2317.744429	3621.87601
68	3	1	1	NA	WA	IY	293.8723857	2347.006341	3109.499231	3912.91697
68	3	1	1	NA	WA	UW	367.3861273	1291.211732	2354.449494	3713.988238
68	3	1	1	NA	WA	IH	498.8067953	1832.559872	2767.902518	4135.915899
68	3	1	1	NA	WA	UH	531.044431	1099.725009	2582.951151	3427.958
68	3	1	1	NA	WA	EH	653.768338	1724.892706	2673.022947	3873.182844
68	3	1	1	NA	WA	AH	675.0762927	1334.609496	2619.605769	3714.525268
68	3	1	1	NA	WA	AXR	456.6298087	1525.526863	1650.169226	3974.003648
68	3	1	1	NA	WA	AO	719.3981923	1168.706266	2615.868874	3890.267791
68	3	1	1	NA	WA	AA	704.445818	1095.293187	2595.575857	3860.714169
68	3	1	1	NA	WA	AE	767.9426133	1616.288134	2279.156984	4104.197826
68	3	1	1	NA	WA	AW1	708.211473	1533.089228	2455.804349	3792.301563
68	3	1	1	NA	WA	AW2	617.355123	1144.73933	2386.848802	3631.551419
68	3	1	1	NA	WA	AY1	767.064431	1292.237766	2604.279705	3723.52514
68	3	1	1	NA	WA	AY2	637.4729047	1813.053762	2493.437837	3605.771413
68	3	1	1	NA	WA	EY1	542.9297617	1893.196496	2547.807853	3992.607094
68	3	1	1	NA	WA	EY2	492.8407203	2055.805936	2558.307026	3764.601233
68	3	1	1	NA	WA	OW1	555.861783	1295.194875	2462.727612	3680.904701
68	3	1	1	NA	WA	OW2	566.0368757	1544.032394	3039.37874	4074.184652
68	3	1	1	NA	WA	OY1	577.4085497	2128.215241	3084.330252	4095.815036
68	3	1	1	NA	WA	OY2	558.4403183	1855.601067	2454.181872	3671.559012
65	3	0	1	NA	MI	IY	335.7873333	2251.546667	3072.805667	3937.638333
65	3	0	1	NA	MI	UW	461.149	1582.955667	2479.731	3945.396667
65	3	0	1	NA	MI	IH	555.8703333	1944.219	2861.422	3937.295333
65	3	0	1	NA	MI	UH	453.0013333	1332.912333	2622.317333	3789.19
65	3	0	1	NA	MI	EH	685.334	1882.916333	2408.759667	3685.605333
65	3	0	1	NA	MI	AH	720.433	1658.157	2652.855667	4002.696
65	3	0	1	NA	MI	AXR	413.055	1604.01	2055.422	3788.41
65	3	0	1	NA	MI	AO	888.069	1313.483667	2471.447667	3760.732333
65	3	0	1	NA	MI	AA	940.9019667	1445.1392	2411.571333	3726.255333
65	3	0	1	NA	MI	AE	835.922	1711.275967	2506.265667	3744.437333
65	3	0	1	NA	MI	AW1	839.9863333	1576.2574	2584.039333	3818.36
65	3	0	1	NA	MI	AW2	529.5403333	1292.863267	2694.366333	3992.477333
65	3	0	1	NA	MI	AY1	814.725	1460.796333	2664.672333	3689.731333
65	3	0	1	NA	MI	AY2	338.0766667	1975.059667	2673.386333	3870.869333
65	3	0	1	NA	MI	EY1	428.0116667	2530.125	2643.861	3525.062
65	3	0	1	NA	MI	EY2	293.847	2381.067333	2856.626333	3747.035667
65	3	0	1	NA	MI	OW1	462.9423333	1406.620667	2694.459333	3881.526667
65	3	0	1	NA	MI	OW2	454.928	1544.413	2743.111167	4249.68
65	3	0	1	NA	MI	OY1	505.449	1397.036667	2281.779667	3231.411
65	3	0	1	NA	MI	OY2	444.222	1866.881	2797.484667	4059.920667
70	2	0	1	NA	GA	IY	312.2949287	2677.729042	3018.381895	3627.0298
70	2	0	1	NA	GA	UW	387.1707763	1563.217322	2914.590027	3641.554019
70	2	0	1	NA	GA	IH	522.3507613	1878.485175	2969.262062	3829.799449
70	2	0	1	NA	GA	UH	546.7271977	1304.497696	3036.796443	3702.375579
70	2	0	1	NA	GA	EH	601.4191487	1703.301294	2920.59538	3434.341496
70	2	0	1	NA	GA	AH	577.235088	1327.611264	2899.041585	3704.987346
70	2	0	1	NA	GA	AXR	516.9605417	1502.868938	2237.728781	3348.739374
70	2	0	1	NA	GA	AO	604.453717	1212.027837	2909.6469	3682.685661
70	2	0	1	NA	GA	AA	663.5837183	1261.700239	2889.124308	3689.27912
70	2	0	1	NA	GA	AE	708.8476043	1704.297033	2803.106928	3016.652538
70	2	0	1	NA	GA	AW1	696.3846307	1660.97948	2871.11955	3500.213059
70	2	0	1	NA	GA	AW2	691.5431061	1376.49088	2843.22416	3740.594209
70	2	0	1	NA	GA	AY1	745.590106	1370.589195	2715.140775	3863.592174
70	2	0	1	NA	GA	AY2	664.989732	1945.187177	2942.215348	3980.053047
70	2	0	1	NA	GA	EY1	620.964531	1776.219194	2602.853157	3466.666255
70	2	0	1	NA	GA	EY2	593.0807803	2185.872795	2835.120884	3952.501346
70	2	0	1	NA	GA	OW1	540.9438063	1426.589053	2877.942244	3599.614233
70	2	0	1	NA	GA	OW2	515.268104	1300.560396	2966.709447	3727.060756
70	2	0	1	NA	GA	OY1	501.679191	981.8217057	2923.379522	3551.475238
70	2	0	1	NA	GA	OY2	609.124508	1770.444612	2854.812363	3995.611412
69	3	1	1	NA	CA	IY	273.9166667	2058.76	2912.573333	3637.303333
69	3	1	1	NA	CA	UW	569.6466667	1649.323333	2649.196667	3742.093333
69	3	1	1	NA	CA	IH	424.95	1776.296667	2503.513333	3526.153333
69	3	1	1	NA	CA	UH	564.6233333	1225.526667	2536.196667	3542.543333
69	3	1	1	NA	CA	EH	612.49	1529.96	2667.35	3529.936667
69	3	1	1	NA	CA	AH	632.0133333	1236.43	2707.766667	3239.766667
69	3	1	1	NA	CA	AXR	652.1733333	1500.793333	2113.343333	3494.496667
69	3	1	1	NA	CA	AO	761.4	970.2633333	2723.023333	3677.52
69	3	1	1	NA	CA	AA	740.36	1076.71	2682.063333	3830.643333
69	3	1	1	NA	CA	AE	700.3966667	1540.363333	2581.5	3487.763333
69	3	1	1	NA	CA	AW1	666.25	1446.356667	2765.41	3479.1
69	3	1	1	NA	CA	AW2	655.0266667	1400.356667	2878.176667	3743.806667
69	3	1	1	NA	CA	AY1	725.55	1241.776667	2787.853333	3523.913333
69	3	1	1	NA	CA	AY2	588.4433333	1677.08	2713.026667	3670.333333
69	3	1	1	NA	CA	EY1	485.01	1875.416667	2893.25	3546.906667
69	3	1	1	NA	CA	EY2	496.1933333	2018.813333	2899.123333	3756.98
69	3	1	1	NA	CA	OW1	542.18	1155.906667	2627.36	3665.826667
69	3	1	1	NA	CA	OW2	609.3833333	1390.733333	2582.923333	3811.506667
69	3	1	1	NA	CA	OY1	525.74	1002.963333	2937.693333	3373.463333
69	3	1	1	NA	CA	OY2	586.5733333	1834.243333	2970.066667	3802.643333
68	2	0	1	NA	NY	IY	334.53948	2479.96116	3574.298395	4017.99875
68	2	0	1	NA	NY	UW	355.0028547	1507.920339	3503.487006	4082.855893
68	2	0	1	NA	NY	IH	479.3970263	2330.413081	3235.788735	4094.794996
68	2	0	1	NA	NY	UH	505.14953	1114.443854	2951.416732	3944.25478
68	2	0	1	NA	NY	EH	719.4006347	1983.395666	3090.480317	4112.29166
68	2	0	1	NA	NY	AH	759.1296527	1254.260037	2678.370187	4110.481396
68	2	0	1	NA	NY	AXR	515.984482	1373.558594	2055.252613	3938.310064
68	2	0	1	NA	NY	AO	731.106145	1133.394949	3402.489701	4084.58003
68	2	0	1	NA	NY	AA	761.0457887	1141.484114	2601.882477	3850.579773
68	2	0	1	NA	NY	AE	872.707585	1805.952372	3004.730731	4170.708491
68	2	0	1	NA	NY	AW1	832.4225917	1597.386416	4019.589434	4019.589434
68	2	0	1	NA	NY	AW2	858.5054893	1316.413921	2746.499497	3904.764064
68	2	0	1	NA	NY	AY1	883.9008617	1382.184189	2811.351572	4113.135985
68	2	0	1	NA	NY	AY2	916.1703913	1959.138253	3025.445998	4206.025973
68	2	0	1	NA	NY	EY1	667.9651023	2236.840283	3200.76376	4146.118249
68	2	0	1	NA	NY	EY2	540.7885557	2529.652139	3144.308413	4113.580849
68	2	0	1	NA	NY	OW1	565.076646	1234.802474	3018.450636	4055.548926
68	2	0	1	NA	NY	OW2	510.961679	1186.715618	2844.717649	4080.458765
68	2	0	1	NA	NY	OY1	477.2664863	794.1055913	3217.438304	3903.700262
68	2	0	1	NA	NY	OY2	560.9684813	1583.793295	3036.189979	3848.533971
62	3	0	1	NA	CO	IY	304.047321	2905.687664	3439.03596	0
62	3	0	1	NA	CO	UW	350.7421575	1485.98846	2904.207069	0
62	3	0	1	NA	CO	IH	483.697518	1349.303489	2506.263278	0
62	3	0	1	NA	CO	UH	584.4729895	1354.066862	2933.339365	0
62	3	0	1	NA	CO	EH	739.7121893	1779.734218	2347.657695	0
62	3	0	1	NA	CO	AH	617.0956729	1329.288521	2124.447156	0
62	3	0	1	NA	CO	AXR	517.6228298	1687.742385	1901.02723	0
62	3	0	1	NA	CO	AO	879.7154112	1271.564061	2848.725837	0
62	3	0	1	NA	CO	AA	826.5131722	1269.123315	2393.741029	0
62	3	0	1	NA	CO	AE	561.1291221	1407.824395	2617.390171	0
62	3	0	1	NA	CO	AW1	839.251939	1342.488714	1870.318721	0
62	3	0	1	NA	CO	AW2	706.8392401	1258.858264	2613.68363	0
62	3	0	1	NA	CO	AY1	876.7133743	1488.793116	1735.139112	0
62	3	0	1	NA	CO	AY2	630.0945385	2089.593472	2843.266879	0
62	3	0	1	NA	CO	EY1	619.9663924	1869.375093	2112.1007	0
62	3	0	1	NA	CO	EY2	592.8904168	2393.403818	3055.797521	0
62	3	0	1	NA	CO	OW1	614.5588712	1556.608813	2532.925375	0
62	3	0	1	NA	CO	OW2	462.1831308	1268.732255	2966.165192	0
62	3	0	1	NA	CO	OY1	482.6813511	947.113854	3147.677108	0
62	3	0	1	NA	CO	OY2	433.2198691	2067.390821	2921.648767	0
60	2	0	1	Kannada	MN	IY	314.5106133	3008.806865	3470.853563	4620.69569
60	2	0	1	Kannada	MN	UW	342.1868367	1412.09936	2956.381176	3791.960107
60	2	0	1	Kannada	MN	IH	502.622754	2367.193298	3075.157234	3951.605922
60	2	0	1	Kannada	MN	UH	655.5991153	1529.824804	3289.342349	4578.544545
60	2	0	1	Kannada	MN	EH	870.4922003	1989.062968	3130.045782	3637.499659
60	2	0	1	Kannada	MN	AH	908.3343867	1686.040054	3111.900658	3599.775516
60	2	0	1	Kannada	MN	AXR	622.9663293	1880.040645	2379.939836	3428.000034
60	2	0	1	Kannada	MN	AO	780.354685	1348.012017	3105.191249	3321.698607
60	2	0	1	Kannada	MN	AA	980.848291	1267.708653	3229.99107	3659.472817
60	2	0	1	Kannada	MN	AE	1144.72039	1565.550312	2262.748178	3395.894735
60	2	0	1	Kannada	MN	AW1	900.141005	1534.934974	2484.516661	3105.793754
60	2	0	1	Kannada	MN	AW2	323.9970843	1645.123597	3193.86726	4069.231655
60	2	0	1	Kannada	MN	AY1	1088.110064	1721.109948	2426.442381	3106.358115
60	2	0	1	Kannada	MN	AY2	562.4997613	2154.148627	2960.960792	3557.13109
60	2	0	1	Kannada	MN	EY1	483.674703	1880.337784	2798.260134	3304.362695
60	2	0	1	Kannada	MN	EY2	314.784172	2503.840174	2988.994689	3638.305254
60	2	0	1	Kannada	MN	OW1	634.509513	1372.404346	3189.808225	3703.179122
60	2	0	1	Kannada	MN	OW2	393.1502757	1371.786613	3219.494833	4583.665233
60	2	0	1	Kannada	MN	OY1	559.4238127	1143.539789	3043.74951	3864.823347
60	2	0	1	Kannada	MN	OY2	429.5536287	2418.412055	2741.9403	3165.925032
66	3	0	1	NA	MI	IY	377.9290114	2896.253141	3687.174208	0
66	3	0	1	NA	MI	UW	386.7542349	1317.986052	2883.970379	0
66	3	0	1	NA	MI	IH	588.3153654	2019.954019	2930.445719	0
66	3	0	1	NA	MI	UH	576.0214304	1232.388744	2877.474371	0
66	3	0	1	NA	MI	EH	744.1157526	1849.806689	2850.464628	0
66	3	0	1	NA	MI	AH	729.6931947	1528.326621	2658.858158	0
66	3	0	1	NA	MI	AXR	519.2248573	1548.645296	1769.407734	0
66	3	0	1	NA	MI	AO	753.2518435	1073.597708	2420.221538	0
66	3	0	1	NA	MI	AA	835.7325812	1301.190254	2606.460461	0
66	3	0	1	NA	MI	AE	875.2474107	1668.73668	2538.768415	0
66	3	0	1	NA	MI	AW1	914.3333333	1585	2459.333333	3795.333333
66	3	0	1	NA	MI	AW2	456	1165.666667	2630	11824
66	3	0	1	NA	MI	AY1	756.3333333	1526.333333	2632.333333	3801
66	3	0	1	NA	MI	AY2	409.6666667	2813.666667	3201	4088.333333
66	3	0	1	NA	MI	EY1	477	2484.333333	2920	3894.333333
66	3	0	1	NA	MI	EY2	356	2845	3207	4207.333333
66	3	0	1	NA	MI	OW1	575.3333333	1361.333333	2711.666667	3749.333333
66	3	0	1	NA	MI	OW2	360.6666667	1077	2889.333333	3959
66	3	0	1	NA	MI	OY1	474.6666667	846.3333333	2768.333333	3714.666667
66	3	0	1	NA	MI	OY2	469.3333333	2239	2748	3758.333333
67	4	1	1	NA	TX	IY	246.0416847	2386.242439	2636.066633	3810.434039
67	4	1	1	NA	TX	UW	352.0604203	1216.037639	2498.274241	3579.760457
67	4	1	1	NA	TX	IH	454.830837	1881.657635	2688.68813	4046.22777
67	4	1	1	NA	TX	UH	526.2694777	1122.168648	2717.218695	3896.425669
67	4	1	1	NA	TX	EH	623.2255147	1683.381374	2509.586344	4022.301459
67	4	1	1	NA	TX	AH	619.5330337	1211.435708	2794.046911	4182.310611
67	4	1	1	NA	TX	AXR	476.1861137	1342.436093	1644.051742	3844.783634
67	4	1	1	NA	TX	AO	523.3317767	1178.890057	2885.633224	3698.895155
67	4	1	1	NA	TX	AA	652.468725	1178.067111	2832.526636	3869.511946
67	4	1	1	NA	TX	AE	711.5914063	1565.953042	2466.296491	4064.097816
67	4	1	1	NA	TX	AW1	642.6699767	1396.730403	2624.76668	4134.632717
67	4	1	1	NA	TX	AW2	541.7783203	1152.376382	2591.410944	4075.484923
67	4	1	1	NA	TX	AY1	558.146369	1245.776326	2719.467409	3914.332475
67	4	1	1	NA	TX	AY2	341.4027637	2060.590561	2643.048588	3758.725406
67	4	1	1	NA	TX	EY1	404.6088417	1898.142216	2641.336749	3816.953186
67	4	1	1	NA	TX	EY2	327.528375	1822.89957	2703.372559	3611.899417
67	4	1	1	NA	TX	OW1	500.9834733	1224.945871	2902.710952	3598.90293
67	4	1	1	NA	TX	OW2	378.1631683	1238.568466	2878.285311	3851.429934
67	4	1	1	NA	TX	OY1	498.2762193	809.198245	3019.271759	4057.797922
67	4	1	1	NA	TX	OY2	421.264269	1797.862889	2597.838483	4162.802516
62	2	0	1	NA	CA	IY	393.174	3076.458667	3991.138667	4690.071333
62	2	0	1	NA	CA	UW	396.296	1287.286667	3086.335	4580.488667
62	2	0	1	NA	CA	IH	537.542	2273.875	3040.3055	4144.278
62	2	0	1	NA	CA	UH	605.9076667	1295.168333	2978.633333	4297.513667
62	2	0	1	NA	CA	EH	847.382	2144.316	3048.877	4092.356333
62	2	0	1	NA	CA	AH	851.145	1520.369333	2938.063	4129.512333
62	2	0	1	NA	CA	AXR	556.6403333	1450.219	1803.190333	4338.226667
62	2	0	1	NA	CA	AO	836.3796667	1205.581667	2580.165667	3802.084333
62	2	0	1	NA	CA	AA	826.5663333	1237.251	2596.692333	3733.796333
62	2	0	1	NA	CA	AE	926.6426667	1560.517333	2032.671667	2879.842667
62	2	0	1	NA	CA	AW1	993.6225667	1667.675	2622.622333	4001.385333
62	2	0	1	NA	CA	AW2	522.1253333	1076.549667	2878.590333	4302.462333
62	2	0	1	NA	CA	AY1	902.1086667	1366.426667	2510.518667	3907.868333
62	2	0	1	NA	CA	AY2	587.3576667	2511.395667	3038.603333	4446.032
62	2	0	1	NA	CA	EY1	762.883	2255.588333	3133.763	4514.694333
62	2	0	1	NA	CA	EY2	612.6643333	2595.369333	3125.113	4658.8109
62	2	0	1	NA	CA	OW1	641.7136667	1294.433667	2923.867333	4135.809667
62	2	0	1	NA	CA	OW2	412.228	1091.181667	3010.932667	4496.079667
62	2	0	1	NA	CA	OY1	488.5416667	912.5246667	2976.525	3864.941333
62	2	0	1	NA	CA	OY2	525.5003333	2468.384	2925.513	4399.306
62	2	0	1	NA	CA	IY	379.073	1519.077667	3182.709667	3894.772667
62	2	0	1	NA	CA	UW	367.4146667	1391.002	2794.630667	4192.222
62	2	0	1	NA	CA	IH	517.065	2105.724333	2832.177	4210.216667
62	2	0	1	NA	CA	UH	505.0516667	1301.488333	2709.276333	3848.073
62	2	0	1	NA	CA	EH	760.0646667	1844.479667	2811.435333	4234.147333
62	2	0	1	NA	CA	AH	655.504	1394.910667	2734.103333	4066.662333
62	2	0	1	NA	CA	AXR	453.0713333	1350.119	1438.761	3637.546333
62	2	0	1	NA	CA	AO	802.4043333	1188.289	2669.652	3964.713
62	2	0	1	NA	CA	AA	837.3776667	1204.465	2736.583	4129.893333
62	2	0	1	NA	CA	AE	1000.405	1661.032	2538.084667	4454.287333
62	2	0	1	NA	CA	AW1	957.1426667	1554.890667	2408.602333	4560.482
62	2	0	1	NA	CA	AW2	461.6086667	1056.098667	2361.528333	3799.835
62	2	0	1	NA	CA	AY1	979.1583333	1283.591	2302.784333	3602.994333
62	2	0	1	NA	CA	AY2	396.971	2051.956333	3124.911667	4030.937667
62	2	0	1	NA	CA	EY1	747.7146667	2089.043333	2853.553	4363.167333
62	2	0	1	NA	CA	EY2	387.545	2012.153333	2807.537333	3904.697
62	2	0	1	NA	CA	OW1	562.9663333	1257.708333	2578.184	4319.167667
62	2	0	1	NA	CA	OW2	410.388	1125.037333	2644.379667	4312.599
62	2	0	1	NA	CA	OY1	476.6846667	829.3666667	2607.503333	3953.201
62	2	0	1	NA	CA	OY2	406.1696667	1747.760667	2656.715333	4307.703667
66	2	1	1	NA	PA	IY	420.5784886	2295.427288	3221.793956	0
66	2	1	1	NA	PA	UW	401.7284058	1277.626155	3287.549793	0
66	2	1	1	NA	PA	IH	508.3684668	1994.561888	2652.294538	0
66	2	1	1	NA	PA	UH	596.3190943	1169.111135	2696.751469	0
66	2	1	1	NA	PA	EH	717.3226592	1776.093212	2811.891073	0
66	2	1	1	NA	PA	AH	670.1924911	1340.51951	2755.060893	0
66	2	1	1	NA	PA	AXR	547.7014222	1477.450198	1701.064917	0
66	2	1	1	NA	PA	AO	676.1753636	1073.864383	2784.42732	0
66	2	1	1	NA	PA	AA	779.8800156	1248.631594	2719.72154	0
66	2	1	1	NA	PA	AE	816.8174182	1730.071402	2728.759949	0
66	2	1	1	NA	PA	AW1	770.8742687	1539.397108	2434.075047	3869.745868
66	2	1	1	NA	PA	AW2	631.3912673	1126.167869	2316.330824	3721.9253
66	2	1	1	NA	PA	AY1	778.89214	1205.179256	2632.394789	3854.929815
66	2	1	1	NA	PA	AY2	721.0851067	1756.524527	2257.039629	3831.093187
66	2	1	1	NA	PA	EY1	632.7534845	1859.354538	2720.734666	4281.379979
66	2	1	1	NA	PA	EY2	623.7274447	2043.878448	2775.986333	4220.622251
66	2	1	1	NA	PA	OW1	561.5100393	1221.565311	2536.164118	3570.982647
66	2	1	1	NA	PA	OW2	517.8776083	1046.172746	2592.037912	3688.619354
66	2	1	1	NA	PA	OY1	485.836277	826.4248673	2099.834873	3503.409601
66	2	1	1	NA	PA	OY2	615.200776	1597.399998	2339.964206	3640.215576
59	2	0	1	NA	IL	IY	340.9	2739.86	3409.436667	4390.516667
59	2	1	1	NA	IL	UW	384.8266667	1626.323333	2545.986667	4033.67
59	2	1	1	NA	IL	IH	561.9733333	2036.036667	3096.206667	4360.976667
59	2	1	1	NA	IL	UH	571.6633333	1202.606667	2752.42	4162.78
59	2	1	1	NA	IL	EH	746.8233333	1769.2	3023.683333	4280.406667
59	2	1	1	NA	IL	AH	692.91	1247.34	2838.963333	4101.776667
59	2	1	1	NA	IL	AXR	507.0066667	1457.743333	1830.246667	4057.086667
59	2	1	1	NA	IL	AO	700.4933333	1036.87	2895.123333	3688.743333
59	2	1	1	NA	IL	AA	806.26	1132.803333	3002.456667	3606.283333
59	2	1	1	NA	IL	AE	905.5333333	1759.003333	3053.816667	4228.106667
59	2	1	1	NA	IL	AW1	808.2866667	1672.246667	2714.846667	4126.013333
59	2	1	1	NA	IL	AW2	525.1333333	1137.523333	2527.85	4136.636667
59	2	1	1	NA	IL	AY1	549.6066667	2229.506667	2965.553333	4293.756667
59	2	1	1	NA	IL	AY2	360.98	2590.96	2898.41	4448.286667
59	2	1	1	NA	IL	EY1	745.3533333	1229.796667	2796.136667	3720.59
59	2	1	1	NA	IL	EY2	517.9333333	2146.25	2979.606667	4516.543333
59	2	1	1	NA	IL	OW1	566.6966667	1370.666667	2530.96	3981.936667
59	2	1	1	NA	IL	OW2	482.4	1097.086667	2345.156667	3698.56
59	2	1	1	NA	IL	OY1	494.2233333	875.4133333	2595.96	4054.446667
59	2	1	1	NA	IL	OY2	413.9466667	2301.46	2817.563333	4279.57
67	2	1	1	NA	NY	IY	341.3333333	2772.333333	3348.333333	4269
67	2	1	1	NA	NY	UW	308.3333333	1846	3206.333333	4112.333333
67	2	1	1	NA	NY	IH	503.6666667	2161	3023	4227.333333
67	2	1	1	NA	NY	UH	506.6666667	1137.666667	2911.333333	3775.666667
67	2	1	1	NA	NY	EH	672	1879.666667	2950.666667	4433.666667
67	2	1	1	NA	NY	AH	672.3333333	1424	2865.666667	3951.666667
67	2	1	1	NA	NY	AXR	470.3333333	1556	2181.333333	3739.333333
67	2	1	1	NA	NY	AO	634	965.3333333	2653.333333	3722.333333
67	2	1	1	NA	NY	AA	715.3333333	1197	2714	3800.666667
67	2	1	1	NA	NY	AE	882.6666667	1536.666667	2607	3927.333333
67	2	1	1	NA	NY	AW1	841.6666667	1089.666667	2509	3600.333333
67	2	1	1	NA	NY	AW2	546	988.3333333	2760	3793.333333
67	2	1	1	NA	NY	AY1	809	1398.333333	2454	3900.333333
67	2	1	1	NA	NY	AY2	491.3333333	2208.666667	2811.333333	3890.666667
67	2	1	1	NA	NY	EY1	579.6666667	2305.333333	2831.333333	3820.333333
67	2	1	1	NA	NY	EY2	434.6666667	2486.666667	3123	4123
67	2	1	1	NA	NY	OW1	482.6666667	984.3333333	2737.666667	3673.333333
67	2	1	1	NA	NY	OW2	426	974	2841.666667	3873
67	2	1	1	NA	NY	OY1	479	1159	2651	3638.666667
67	2	1	1	NA	NY	OY2	374.6666667	2373	2925.666667	3901
72	2	0	1	NA	CA	IY	317.5950877	2056.537156	3118.182574	3983.961301
72	2	0	1	NA	CA	UW	367.6501207	1526.69925	2459.313689	3820.201365
72	2	0	1	NA	CA	IH	499.146911	1925.242339	2819.920976	3899.480221
72	2	0	1	NA	CA	UH	597.0866547	1296.980198	2543.252549	3740.224684
72	2	0	1	NA	CA	EH	733.7848717	1820.334278	2787.93883	3879.325531
72	2	0	1	NA	CA	AH	739.4343307	1400.931955	2640.301532	3715.009296
72	2	0	1	NA	CA	AXR	481.2405003	1534.349093	1721.762114	3717.476377
72	2	0	1	NA	CA	AO	765.843915	1233.391821	2616.796296	3715.402883
72	2	0	1	NA	CA	AA	813.3241307	1197.230247	2699.262232	3709.396223
72	2	0	1	NA	CA	AE	806.715855	1678.026335	2481.201826	3671.184821
72	2	0	1	NA	CA	AW1	765.1738147	1517.177061	2609.185995	3627.530965
72	2	0	1	NA	CA	AW2	666.6209	1166.328033	2396.471889	3585.70605
72	2	0	1	NA	CA	AY1	802.095118	1244.62245	2522.219778	3450.58024
72	2	0	1	NA	CA	AY2	632.6992773	1907.550453	2645.329738	3580.020604
72	2	0	1	NA	CA	EY1	563.351882	2006.762032	2812.544347	3580.334602
72	2	0	1	NA	CA	EY2	499.5179407	2291.977989	2791.973441	3912.367149
72	2	0	1	NA	CA	OW1	557.6825367	1335.262416	2555.212244	3589.978335
72	2	0	1	NA	CA	OW2	469.9901333	1269.421209	2430.94144	3709.189955
72	2	0	1	NA	CA	OY1	489.965657	937.0444977	3057.565821	3600.786516
72	2	0	1	NA	CA	OY2	471.8653963	1835.956626	2544.106888	3538.258352
